 C CA CB H N
 A2 177.0 52.41 19.38 - - 
 A3 177.7 52.43 19.34 8.417 125.1
 V4 176.2 62.28 32.99 8.154 120.6
 Q5 175.6 55.66 29.68 8.461 125.4
 A6 177.4 52.55 19.40 8.393 127.0
 A7 177.7 52.49 19.42 8.279 124.1
 E8 176.3 56.47 30.54 8.343 121.1
 V9 175.9 62.33 32.82 8.197 123.3
 K10 176.5 55.96 33.22 8.453 127.2
 V11 176.0 62.07 33.03 8.341 123.0
 D12 176.8 54.43 41.42 8.521 125.2
 G13 174.5 45.60 - 8.472 110.9
 S14 174.3 58.60 64.03 8.259 116.4
 E15 174.6 54.77 29.72 8.409 124.5
 P16 177.0 63.37 32.14 - - 
 K17 176.7 56.27 32.83 8.462 122.3
 L18 177.3 54.92 42.85 8.185 123.9
 S19 175.0 58.13 64.23 8.460 118.2
 K20 177.7 58.10 32.58 8.576 123.3
 N21 176.4 54.61 38.56 8.462 118.9
 E22 177.6 57.73 30.04 8.178 122.4
 L23 178.4 56.85 42.00 8.229 122.7
 K24 177.7 57.82 32.68 8.017 120.5
 R25 177.4 57.64 30.69 7.988 121.3
 R26 177.1 57.24 30.63 8.204 121.9
 L27 178.1 56.03 42.33 8.166 122.9
 K28 176.8 57.08 32.96 8.103 121.8
 A29 178.2 52.97 19.18 8.137 125.1
 E30 177.0 56.91 30.49 8.302 121.0
 K31 176.8 56.82 32.97 8.280 123.3
 K32 177.1 56.75 32.99 8.298 123.4
 V33 176.3 62.99 32.83 8.122 122.6
 A34 178.4 53.02 19.15 8.351 127.7
 E35 177.2 57.40 30.30 8.392 121.2
 K36 177.3 57.41 32.96 8.269 122.2
 E37 177.0 57.28 30.27 8.328 122.0
 A38 178.6 53.33 19.08 8.270 125.5
 K39 177.3 56.89 32.78 8.207 120.8
 Q40 176.8 56.76 29.18 8.268 121.5
 K41 177.1 57.44 33.04 8.280 123.0
 E42 177.2 57.27 30.16 8.327 122.0
 L43 178.0 55.91 42.33 8.214 122.9
 S44 175.2 59.09 63.80 8.285 116.8
 E45 177.4 57.65 30.04 8.381 123.0
 K46 177.3 57.27 32.83 8.184 121.8
 Q47 176.8 56.60 29.30 8.220 121.1
 L48 178.0 55.91 42.34 8.257 123.5
 S49 175.0 58.91 63.68 8.237 116.7
 Q50 176.2 56.29 29.45 8.290 122.6
 A51 178.4 53.14 19.16 8.256 125.3
 T52 174.7 62.27 69.79 8.065 114.0
 A53 177.7 52.89 19.23 8.221 127.0
 A54 177.8 52.79 19.17 - - 
 A55 178.1 52.73 19.29 8.182 123.6
 T56 174.3 61.88 69.82 8.045 113.3
 N57 174.9 53.25 38.95 8.336 121.3
 H58 174.8 55.63 29.46 8.474 120.2
 aT59 174.7 62.13 69.86 - - 
 bT59 174.8 62.15 69.87 - - 
 cT59 174.8 62.11 69.86 8.313 116.4
 aT60 174.2 61.67 69.89 8.182 115.6
 bT60 174.3 61.88 69.84 8.228 116.2
 cT60 174.2 61.69 69.87 - - 
 aD61 176.1 54.45 41.27 - - 
 bD61 175.0 54.53 41.36 8.340 123.4
 cD61 175.0 54.55 41.36 - - 
 dD61 176.0 54.51 41.25 - - 
 aN62 175.9 53.52 38.93 8.435 120.1
 bD62 176.9 54.67 41.15 8.287 121.5
 ciD62 176.2 41.13 54.92 - - 
 diD62 179.3 54.89 41.23 7.994 124.5
 aG63 174.0 45.59 - 8.441 109.7
 bG63 174.1 45.61 - 8.389 109.7
 cG63 174.2 45.37 - 8.219 114.7
 dG63 174.0 45.57 - - - 
 aV64 176.2 62.20 32.91 8.088 120.0
 bV64 176.1 62.20 32.79 7.855 120.1
 cV64 176.2 62.18 32.84 - - 
 dV64 176.1 62.17 32.80 - - 
 aL65 175.3 53.04 41.80 8.386 128.3
 bL65 175.3 53.01 41.84 8.367 128.5
 P66 177.1 63.14 32.17 - - 
 aE67 177.0 56.73 30.23 - - 
 bE67 177.0 56.72 30.36 - - 
 cE67 177.0 56.74 30.27 8.569 121.7
 aT68 175.4 62.01 69.89 - - 
 bT68 175.4 62.02 69.90 8.211 115.3
 cT68 175.5 62.03 69.86 8.226 115.5
 G69 174.8 45.57 - 8.507 111.8
 G70 174.0 45.27 - 8.278 109.0
 H71 174.7 55.65 29.68 8.272 118.8
 H75 173.8 55.84 29.82 - - 
 H76 179.0 57.24 30.05 8.261 126.0
