2 A 0 52.410 52.500
3 A 0 52.430 52.500
4 V -1 62.280 63.000
5 Q 0 55.660 56.200
6 A 0 52.550 52.500
7 A 0 52.490 52.500
8 E 0 56.470 56.700
9 V 0 62.330 63.000
10 K -1 55.960 56.700
11 V -1 62.070 63.000
12 D 0 54.430 54.100
13 G 0 45.600 45.000
14 S 0 58.600 58.300
15 E -1 54.770 56.700
16 P 0 63.370 62.900
17 K 0 56.270 56.700
18 L -1 54.920 55.700
19 S 0 58.130 58.300
20 K 1 58.100 56.700
21 N 1 54.610 53.600
22 E 1 57.730 56.700
23 L 1 56.850 55.700
24 K 1 57.820 56.700
25 R 1 57.640 56.300
26 R 1 57.240 56.300
27 L 0 56.030 55.700
28 K 0 57.080 56.700
29 A 0 52.970 52.500
30 E 0 56.910 56.700
31 K 0 56.820 56.700
32 K 0 56.750 56.700
33 V 0 62.990 63.000
34 A 0 53.020 52.500
35 E 0 57.400 56.700
36 K 1 57.410 56.700
37 E 0 57.280 56.700
38 A 1 53.330 52.500
39 K 0 56.890 56.700
40 Q 0 56.760 56.200
41 K 1 57.440 56.700
42 E 0 57.270 56.700
43 L 0 55.910 55.700
44 S 1 59.090 58.300
45 E 1 57.650 56.700
46 K 0 57.270 56.700
47 Q 0 56.600 56.200
48 L 0 55.910 55.700
49 S 0 58.910 58.300
50 Q 0 56.290 56.200
51 A 0 53.140 52.500
52 T -1 62.270 63.100
53 A 0 52.890 52.500
54 A 0 52.790 52.500
55 A 0 52.730 52.500
56 T -1 61.880 63.100
57 N 0 53.250 53.600
58 H 0 55.630 55.800
59 A 1 62.130 52.500
59 B 1 62.150 58.300
59 C 1 62.110 58.000
60 A 1 61.670 52.500
60 B 1 61.880 58.300
60 C 1 61.690 58.000
61 A 1 54.450 52.500
61 B -1 54.530 58.300
61 C -1 54.550 58.000
61 D 0 54.510 54.100
62 A 1 53.520 52.500
62 B -1 54.670 58.300
62 C -1 41.130 58.000
62 D 1 54.890 54.100
63 A -1 45.590 52.500
63 B -1 45.610 58.300
63 C -1 45.370 58.000
63 D -1 45.570 54.100
64 A 1 62.200 52.500
64 B 1 62.200 58.300
64 C 1 62.180 58.000
64 D 1 62.170 54.100
65 A 0 53.040 52.500
65 B -1 53.010 58.300
66 P 0 63.140 62.900
67 A 1 56.730 52.500
67 B -1 56.720 58.300
67 C -1 56.740 58.000
68 A 1 62.010 52.500
68 B 1 62.020 58.300
68 C 1 62.030 58.000
69 G 0 45.570 45.000
70 G 0 45.270 45.000
71 H 0 55.650 55.800
72 H 0 55.840 55.800
73 H 1 57.240 55.800
