2 A 0 19.380 19.000
3 A 0 19.340 19.000
4 V 1 32.990 31.700
5 Q 0 29.680 30.100
6 A 0 19.400 19.000
7 A 0 19.420 19.000
8 E 1 30.540 29.700
9 V 1 32.820 31.700
10 K 1 33.220 32.300
11 V 1 33.030 31.700
12 D 0 41.420 40.800
13 G 0 0.000 0.000
14 S 1 64.030 62.700
15 E 0 29.720 29.700
16 P 0 32.140 31.700
17 K 0 32.830 32.300
18 L 1 42.850 41.900
19 S 1 64.230 62.700
20 K 0 32.580 32.300
21 N 0 38.560 39.000
22 E 0 30.040 29.700
23 L 0 42.000 41.900
24 K 0 32.680 32.300
25 R 0 30.690 30.300
26 R 0 30.630 30.300
27 L 0 42.330 41.900
28 K 0 32.960 32.300
29 A 0 19.180 19.000
30 E 1 30.490 29.700
31 K 0 32.970 32.300
32 K 0 32.990 32.300
33 V 1 32.830 31.700
34 A 0 19.150 19.000
35 E 0 30.300 29.700
36 K 0 32.960 32.300
37 E 0 30.270 29.700
38 A 0 19.080 19.000
39 K 0 32.780 32.300
40 Q -1 29.180 30.100
41 K 1 33.040 32.300
42 E 0 30.160 29.700
43 L 0 42.330 41.900
44 S 1 63.800 62.700
45 E 0 30.040 29.700
46 K 0 32.830 32.300
47 Q -1 29.300 30.100
48 L 0 42.340 41.900
49 S 1 63.680 62.700
50 Q 0 29.450 30.100
51 A 0 19.160 19.000
52 T 1 69.790 68.100
53 A 0 19.230 19.000
54 A 0 19.170 19.000
55 A 0 19.290 19.000
56 T 1 69.820 68.100
57 N 0 38.950 39.000
58 H -1 29.460 32.000
59 A 1 69.860 19.000
59 B 1 69.870 28.600
59 C 1 69.860 41.800
60 A 1 69.890 19.000
60 B 1 69.840 28.600
60 C 1 69.870 41.800
61 A 1 41.270 19.000
61 B 1 41.360 28.600
61 C 0 41.360 41.800
61 D 0 41.250 40.800
62 A 1 38.930 19.000
62 B 1 41.150 28.600
62 C 1 54.920 41.800
62 D 0 41.230 40.800
63 A -1 0.000 19.000
63 B -1 0.000 28.600
63 C -1 0.000 41.800
63 D -1 0.000 40.800
64 A 1 32.910 19.000
64 B 1 32.790 28.600
64 C -1 32.840 41.800
64 D -1 32.800 40.800
65 A 1 41.800 19.000
65 B 1 41.840 28.600
66 P 0 32.170 31.700
67 A 1 30.230 19.000
67 B 1 30.360 28.600
67 C -1 30.270 41.800
68 A 1 69.890 19.000
68 B 1 69.900 28.600
68 C 1 69.860 41.800
69 G 0 0.000 0.000
70 G 0 0.000 0.000
71 H -1 29.680 32.000
72 H -1 29.820 32.000
73 H -1 30.050 32.000
