2 A 0 177.000 177.100
3 A 1 177.700 177.100
4 V -1 176.200 177.100
5 Q -1 175.600 176.300
6 A 0 177.400 177.100
7 A 1 177.700 177.100
8 E 0 176.300 176.100
9 V -1 175.900 177.100
10 K 0 176.500 176.500
11 V -1 176.000 177.100
12 D 0 176.800 177.200
13 G 1 174.500 173.600
14 S 1 174.300 173.700
15 E -1 174.600 176.100
16 P 0 177.000 176.000
17 K 0 176.700 176.500
18 L 0 177.300 177.100
19 S 1 175.000 173.700
20 K 1 177.700 176.500
21 N 1 176.400 175.100
22 E 1 177.600 176.100
23 L 1 178.400 177.100
24 K 1 177.700 176.500
25 R 1 177.400 176.500
26 R 1 177.100 176.500
27 L 1 178.100 177.100
28 K 0 176.800 176.500
29 A 1 178.200 177.100
30 E 1 177.000 176.100
31 K 0 176.800 176.500
32 K 1 177.100 176.500
33 V -1 176.300 177.100
34 A 1 178.400 177.100
35 E 1 177.200 176.100
36 K 1 177.300 176.500
37 E 1 177.000 176.100
38 A 1 178.600 177.100
39 K 1 177.300 176.500
40 Q 1 176.800 176.300
41 K 1 177.100 176.500
42 E 1 177.200 176.100
43 L 1 178.000 177.100
44 S 1 175.200 173.700
45 E 1 177.400 176.100
46 K 1 177.300 176.500
47 Q 1 176.800 176.300
48 L 1 178.000 177.100
49 S 1 175.000 173.700
50 Q 0 176.200 176.300
51 A 1 178.400 177.100
52 T -1 174.700 175.200
53 A 1 177.700 177.100
54 A 1 177.800 177.100
55 A 1 178.100 177.100
56 T -1 174.300 175.200
57 N 0 174.900 175.100
58 H 0 174.800 175.100
59 A -1 174.700 177.100
59 B 0 174.800 174.800
59 C 0 174.800 175.100
60 A -1 174.200 177.100
60 B -1 174.300 174.800
60 C -1 174.200 175.100
61 A -1 176.100 177.100
61 B 0 175.000 174.800
61 C 0 175.000 175.100
61 D -1 176.000 177.200
62 A -1 175.900 177.100
62 B 1 176.900 174.800
62 C 1 176.200 175.100
62 D 1 179.300 177.200
63 A -1 174.000 177.100
63 B -1 174.100 174.800
63 C -1 174.200 175.100
63 D -1 174.000 177.200
64 A -1 176.200 177.100
64 B 1 176.100 174.800
64 C 1 176.200 175.100
64 D -1 176.100 177.200
65 A -1 175.300 177.100
65 B 1 175.300 174.800
66 P 0 177.100 176.000
67 A 0 177.000 177.100
67 B 1 177.000 174.800
67 C 1 177.000 175.100
68 A -1 175.400 177.100
68 B 1 175.400 174.800
68 C 0 175.500 175.100
69 G 1 174.800 173.600
70 G 0 174.000 173.600
71 H 0 174.700 175.100
72 H -1 173.800 175.100
73 H 1 179.000 175.100
