2 A 0 4.346 4.350
3 A 0 4.303 4.350
4 V 1 4.078 3.950
5 Q 0 4.329 4.370
6 A 0 4.266 4.350
7 A 0 4.282 4.350
8 E 0 4.263 4.290
9 V 1 4.072 3.950
10 K 0 4.398 4.360
11 V 1 4.157 3.950
12 D -1 4.606 4.760
13 G 0 3.995 3.970
14 S 0 4.433 4.500
15 E 0 0.000 4.290
16 P 0 4.397 4.440
17 K 0 4.290 4.360
18 L 1 4.423 4.170
19 S 0 4.437 4.500
20 K -1 4.187 4.360
21 N -1 4.582 4.750
22 E 0 4.228 4.290
23 L 0 4.153 4.170
24 K -1 4.152 4.360
25 R -1 4.163 4.380
26 R -1 4.232 4.380
27 L 0 4.268 4.170
28 K -1 4.221 4.360
29 A 0 4.281 4.350
30 E 0 4.239 4.290
31 K -1 4.247 4.360
32 K 0 4.313 4.360
33 V 0 4.019 3.950
34 A 0 4.284 4.350
35 E 0 4.201 4.290
36 K -1 4.219 4.360
37 E 0 4.203 4.290
38 A -1 4.235 4.350
39 K -1 4.252 4.360
40 Q -1 4.235 4.370
41 K -1 4.219 4.360
42 E 0 4.224 4.290
43 L 1 4.323 4.170
44 S 0 4.404 4.500
45 E 0 4.228 4.290
46 K -1 4.239 4.360
47 Q 0 4.272 4.370
48 L 1 4.325 4.170
49 S 0 4.411 4.500
50 Q 0 4.328 4.370
51 A 0 4.337 4.350
52 T 0 4.268 4.350
53 A 0 0.000 4.350
54 A 0 4.286 4.350
55 A 0 4.338 4.350
56 T 0 4.292 4.350
57 N 0 4.693 4.750
58 H 0 0.000 4.630
59 A 0 4.412 4.350
59 B -1 4.412 4.550
59 C -1 4.412 4.650
60 A 0 4.403 4.350
60 B -1 4.403 4.550
60 C -1 4.403 4.650
61 A 1 4.630 4.350
61 B 0 4.630 4.550
61 C 0 4.630 4.650
61 D -1 4.630 4.760
62 A 1 4.683 4.350
62 B 1 4.683 4.550
62 C 0 4.683 4.650
62 D 0 4.683 4.760
63 A -1 3.924 4.350
63 B -1 3.924 4.550
63 C -1 3.924 4.650
63 D -1 3.924 4.760
64 A -1 4.105 4.350
64 B -1 4.105 4.550
64 C -1 4.105 4.650
64 D -1 4.105 4.760
65 A 0 0.000 4.350
65 B 0 0.000 4.550
66 P 0 4.406 4.440
67 A 0 4.331 4.350
67 B -1 4.331 4.550
67 C -1 4.331 4.650
68 A 0 4.337 4.350
68 B -1 3.974 4.550
68 C -1 3.868 4.650
69 G 0 0.000 3.970
70 G 0 0.000 3.970
71 H 0 0.000 4.630
72 H 0 0.000 4.630
73 H 0 4.601 4.630
